,"Made Donation in March 2007"
659,0.85
276,0.01
263,0.41
303,0.4
83,0.85
500,0.93
530,0.49
244,0.14
249,0
728,0.04
129,0.16
534,0.13
317,0.34
401,0.41
696,0.23
192,0.16
176,0.3
571,0.82
139,0.01
423,0.33
563,0.85
56,0.39
528,0.59
101,0.41
467,0.23
382,0.4
466,0.5
294,0.14
512,0.43
659,0.85
389,0.4
487,0
701,0.3
419,0.23
536,0.16
240,0.33
508,0.22
515,0.14
283,0.57
650,0.41
65,0.82
228,0.13
741,0.04
297,0.61
464,0.01
63,0.3
231,0.56
28,0.01
248,0.14
357,0.16
300,0.85
726,0.91
680,0.16
520,0.33
254,0.01
582,0.16
143,0.23
98,0.81
1,0.39
221,0.85
352,0.41
64,0.01
138,0.4
745,0.68
64,0.01
688,0.01
623,0.01
289,0.12
174,0.42
690,0.41
105,0.14
427,0.13
48,0
14,0.41
657,0.01
301,0.12
455,0.01
579,0.4
722,0.02
98,0.81
491,0
303,0.4
466,0.5
65,0.82
300,0.85
9,0.04
622,0.16
323,0.01
289,0.12
568,0.46
290,0.41
156,0.16
464,0.01
426,0.12
306,0.23
4,0.4
12,0.52
187,0.4
406,0.01
96,0.49
509,0.3
733,0.12
548,0.01
478,0.2
501,0.16
127,0.83
199,0.3
299,0.69
162,0.41
235,0.12
23,0.29
473,0.41
487,0
683,0.83
303,0.4
309,0.01
569,0.01
34,0.67
686,0.86
84,0.28
733,0.12
537,0.85
181,0.1
453,0.94
67,0.69
161,0.82
307,0.23
703,0.18
181,0.1
246,0.12
316,0.45
278,0.16
346,0.21
545,0.41
419,0.23
694,0.49
622,0.16
663,0.04
262,0.86
461,0.4
373,0.95
233,0.41
466,0.5
207,0.23
263,0.41
16,0.01
513,0.01
449,0.26
429,0
701,0.3
632,0.01
529,0.85
245,0.4
344,0.12
353,0.13
241,0.4
633,0.01
624,0.3
726,0.91
189,0.16
138,0.4
402,0.14
511,0.65
590,0.46
334,0.21
447,0.04
119,0.5
389,0.4
644,0.41
423,0.33
131,0.01
405,0
82,0.41
643,0.95
156,0.16
617,0.01
574,0.83
272,0.4
613,0.01
545,0.41
685,0.14
570,0.16
537,0.85
691,0.01
85,0.85
483,0.12
455,0.01
93,0.16
744,0.3
33,0.12
321,0.93
523,0.19
426,0.12
196,0.01
301,0.12
103,0.01
224,0.04
454,0.04
585,0.01
154,0.4
